2869782 <1v1> 2869785
4321963 <1v1> 4321964
4432589 <1v1> 4432590
7770830 <1v1> 7770831
7835853 <1v1> 7835860
8560944 <1v1> 8560947
9564735 <1v1> 9564738
12643120 <1v1> 12643101
12867341 <1v1> 12867318
18924366 <1v1> 21344403
21270836 <1v1> 23690871
21995211 <1v1> 24415248
22323379 <1v1> 24743416
23432568 <1v1> 25852605
24580587 <1v1> 27000622
25284445 <1v1> 27704462
27620762 <1v1> 30040798
29127304 <1v1> 31547342
29441899 <1v1> 31861937
30170500 <1v1> 32590538
30273941 <1v1> 32693968
30610490 <1v1> 33030530
30759080 <1v1> 33179112
34970768 <1v1> 37390806
38074626 <1v1> 40494666
40387756 <1v1> 42807816
43474441 <1v1> 45894453
45423757 <1v1> 47897387
48275756 <1v1> 50749387
48309344 <1v1> 50782975
49889151 <1v1> 52362780
50302657 <1v1> 52776288
55652910 <1v1> 57985672
56212466 <1v1> 58545235
57825820 <1v1> 60158588
61135505 <1v1> 63468250
61932984 <1v1> 64265736
63423225 <1v1> 65755995
64401219 <1v1> 66733983
64738652 <1v1> 67071419
65957396 <1v1> 68290160
66530415 <1v1> 68863183
66625315 <1v1> 68958079
67126335 <1v1> 69459100
67700946 <1v1> 70033713
68793899 <1v1> 71126664
69378692 <1v1> 71711442
69470419 <1v1> 71803180
72122970 <1v1> 74455725
72240024 <1v1> 74572790
72334995 <1v1> 74623034
72335117 <1v1> 74623160
72335123 <1v1> 74623166
73317862 <1v1> 75605908
75261840 <1v1> 77549885
75431398 <1v1> 77719443
75787502 <1v1> 78027502
75787504 <1v1> 78027504
77184477 <1v1> 79424478
77831140 <1v1> 80071140
77831156 <1v1> 80071156
77831168 <1v1> 80071168
77831169 <1v1> 80071169
77831203 <1v1> 80071203
77831355 <1v1> 80071355
77831477 <1v1> 80071477
77831522 <1v1> 80071522
77831539 <1v1> 80071540
77831586 <1v1> 80071587
77831609 <1v1> 80071610
77833366 <1v1> 80075063
77833371 <1v1> 80075068
77833416 <1v1> 80075203
77833433 <1v1> 80075220
77833438 <1v1> 80075225
77833514 <1v1> 80075316
77833515 <1v1> 80075317
77833611 <1v1> 80075413
77833629 <1v1> 80075431
77833848 <1v1> 80075635
77833849 <1v1> 80075636
77839215 <1v1> 80081308
77839232 <1v1> 80081325
77841401 <1v1> 80083493
77847069 <1v1> 80089165
77847071 <1v1> 80089167
10001 764213 + 10001 764213
764215 2156047 + 764214 2156046
2156048 2271120 + 2156048 2271120
2271121 2678030 + 2271122 2678031
2678031 3611386 + 2678033 3611388
3611388 3644293 + 3611389 3644294
3644295 4642065 + 3644295 4642065
4642067 4667540 + 4642066 4667539
4667541 4738360 + 4667541 4738360
4738361 7169668 + 4738362 7169669
7169669 9667861 + 7169671 9667863
9667862 10684832 + 9667865 10684835
10684834 11039278 + 10684836 11039280
11039280 15410898 + 11039281 15410899
18510899 19774294 + 20930938 22194333
19774296 19780530 + 22194334 22200568
19780532 20639471 + 22200569 23059508
20639473 26408205 + 23059509 28828241
26408207 26559796 + 28828242 28979831
26559797 26714414 + 28979833 29134450
26714416 27870341 + 29134451 30290376
27870343 28666526 + 30290377 31086560
28666527 30458552 + 31086564 32878589
30458554 33434833 + 32878590 35854869
33434834 35323349 + 35854871 37743386
35323351 39352200 + 37743387 41772236
39352202 39545584 + 41772237 41965619
39545585 39764291 + 41965621 42184327
39764293 43498000 + 42184328 45918035
43498002 43833704 + 45918036 46253738
43833705 44549875 + 46253742 46969912
44549876 46398927 + 47023505 48872556
46398928 52059136 + 48872558 54532766
52209137 52210087 + 54541905 54542855
52210088 55048155 + 54542857 57380924
55048157 57819481 + 57380925 60152249
57819483 61252510 + 60152250 63585277
61252512 61834970 + 63585278 64167736
61834972 62404179 + 64167737 64736944
62404181 63837687 + 64736945 66170451
63837689 66911281 + 66170452 69244044
66911282 69658607 + 69244046 71991371
69658608 72246447 + 71991373 74579212
72246449 72283228 + 74579213 74615992
72283230 72283253 + 74615993 74616016
72283255 72283259 + 74616017 74616021
72283261 72283353 + 74616022 74616114
72333354 72334453 + 74621392 74622491
72334455 72334698 + 74622492 74622735
72334699 72334793 + 74622740 74622834
72334794 72334855 + 74622839 74622900
72334860 72334994 + 74622901 74623035
72334997 72335009 + 74623036 74623048
72335010 72335124 + 74623051 74623165
72335125 72335294 + 74623168 74623337
72335295 72840537 + 74623339 75128581
72840538 74090963 + 75128583 76379008
74090965 74208485 + 76379009 76496529
74208487 74403378 + 76496530 76691421
74403379 75721820 + 76691423 78009864
75771828 75787521 + 78011824 78027517
75787522 77831138 + 78027522 80071138
77831150 77831243 + 80072794 80072887
77831244 77831465 + 80072889 80073110
77831467 77831501 + 80073111 80073145
77831503 77831539 + 80073146 80073182
77831540 77831610 + 80073237 80073307
77831613 77831681 + 80073308 80073376
77831682 77831720 + 80073378 80073416
77831721 77831789 + 80073418 80073486
77831791 77831866 + 80073487 80073562
77831867 77833363 + 80073564 80075060
77833364 77835062 + 80075466 80077164
77835065 77835239 + 80077165 80077339
77835242 77839233 + 80077340 80081331
77839239 77841123 + 80081332 80083216
77841124 77841409 + 80083218 80083503
77841412 77846795 + 80083504 80088887
77846798 77847100 + 80088888 80089190
77847101 77849394 + 80089197 80091490
77849395 77850269 + 80091493 80092367
77850270 77852029 + 80092388 80094147
77852030 77856514 + 80094150 80098634
77856516 77864417 + 80098635 80106536
77864421 77869450 + 80106537 80111566
77869451 78017154 + 80111568 80259271
