26900 <1v1> 26894
28597 <1v1> 28599
41409 <1v1> 41401
44425 <1v1> 44331
44430 <1v1> 44336
1543467 <1v1> 1543353
1663060 <1v1> 1662946
2242764 <1v1> 2242632
2911812 <1v1> 2911699
3650663 <1v1> 3650550
3728061 <1v1> 3727948
5580758 <1v1> 5580644
5758840 <1v1> 5758728
6869640 <1v1> 6869528
7811623 <1v1> 7811511
8169333 <1v1> 8169203
9162494 <1v1> 9162382
9310037 <1v1> 9309925
12732765 <1v1> 12732653
12912979 <1v1> 12912866
15517128 <1v1> 15517007
16383574 <1v1> 16383441
17737576 <1v1> 17737469
19285612 <1v1> 19285502
19711759 <1v1> 19711651
20166562 <1v1> 20166454
20333659 <1v1> 20333551
22562442 <1v1> 22562331
22763397 <1v1> 22763289
23671129 <1v1> 23671021
30025524 <1v1> 30025393
30258447 <1v1> 30258341
32002743 <1v1> 32002647
34803674 <1v1> 34803570
37385693 <1v1> 37385592
37971957 <1v1> 37971859
37990099 <1v1> 37990005
41107197 <1v1> 41107094
41405895 <1v1> 41405769
41870368 <1v1> 41870267
43047000 <1v1> 43046927
43731235 <1v1> 43731136
44312297 <1v1> 44312197
46177556 <1v1> 46177453
51323796 <1v1> 52027963
51590365 <1v1> 52294532
53480440 <1v1> 54184609
58044013 <1v1> 58748185
58367371 <1v1> 59071555
61032787 <1v1> 61736961
63310224 <1v1> 64014403
64360512 <1v1> 65064686
65184176 <1v1> 65888324
65942081 <1v1> 66646254
66622953 <1v1> 67327123
67420914 <1v1> 68125087
67421088 <1v1> 68125261
71715020 <1v1> 72419192
73252495 <1v1> 73956667
76737583 <1v1> 77441739
77054060 <1v1> 77758236
78646146 <1v1> 79350324
80404650 <1v1> 81108832
81768415 <1v1> 82472597
82875072 <1v1> 83579233
85214522 <1v1> 85918705
85224363 <1v1> 85928547
86021652 <1v1> 86725836
87002296 <1v1> 87706462
87455503 <1v1> 88159687
89705719 <1v1> 90409903
92556105 <1v1> 93220400
93648429 <1v1> 94312725
94100924 <1v1> 94765220
94395411 <1v1> 95059706
96524240 <1v1> 97188553
97567440 <1v1> 98231737
97986354 <1v1> 98650649
98132050 <1v1> 98796347
99321827 <1v1> 99986124
100189687 <1v1> 100853984
100570493 <1v1> 101234790
100645945 <1v1> 101310242
103485869 <1v1> 104150169
104002800 <1v1> 104667100
105194583 <1v1> 105858888
106882352 <1v1> 107546652
106882387 <1v1> 107546686
110830721 <1v1> 111495021
111052959 <1v1> 111717241
111368597 <1v1> 112032881
111906206 <1v1> 112570488
113247238 <1v1> 113911542
114053711 <1v1> 114718015
115380173 <1v1> 116044477
116540336 <1v1> 117204639
117890028 <1v1> 118554335
118998717 <1v1> 119663002
118712257 <1v1> 119376563
121110195 <1v1> 121774482
121233816 <1v1> 121898128
122335172 <1v1> 122999478
122862574 <1v1> 123526881
123611468 <1v1> 124275776
131719999 <1v1> 132384307
133279696 <1v1> 133943981
138865694 <1v1> 139486090
140462283 <1v1> 141082702
140487548 <1v1> 141107966
140520161 <1v1> 141140580
140561188 <1v1> 141181613
140561202 <1v1> 141181627
140565985 <1v1> 141186411
140654760 <1v1> 141275195
140654787 <1v1> 141275222
143059956 <1v1> 143680392
149157673 <1v1> 149778111
149531507 <1v1> 150151924
149854120 <1v1> 150474553
151883282 <1v1> 152503722
152555085 <1v1> 153175503
155505593 <1v1> 156078579
157138684 <1v1> 157711678
160954206 <1v1> 161527183
162943719 <1v1> 163516716
166555557 <1v1> 167128553
167700461 <1v1> 168273457
167913661 <1v1> 168486657
168856744 <1v1> 169429741
169492481 <1v1> 170065476
170106629 <1v1> 170679626
171305563 <1v1> 171878560
171652937 <1v1> 172225945
174735606 <1v1> 175308579
175802339 <1v1> 176375337
178650393 <1v1> 179223394
180049926 <1v1> 180622927
10001 24460 + 10001 24460
24461 26198 + 24462 26199
26200 26899 + 26200 26899
26901 26914 + 26900 26913
26915 28612 + 26916 28613
28613 41400 + 28615 41402
41411 43249 + 41403 43241
43250 43263 + 43242 43255
43337 43891 + 43242 43796
43895 44437 + 43797 44339
44438 48969 + 44344 48875
48991 1785446 + 48876 1785331
1785447 4025266 + 1785333 4025152
4025267 8498881 + 4025154 8498768
8498882 13435651 + 8498770 13435539
13435652 13445094 + 13435541 13444983
13445095 13540804 + 13444985 13540694
13540805 17530657 + 13540696 17530548
17580658 26908384 + 17580549 26908275
26908385 26943001 + 26908277 26942893
26943002 31838014 + 26942895 31837907
31838015 32398629 + 31837909 32398523
32398630 32435997 + 32398525 32435892
32435999 33448965 + 32435893 33448859
33448966 35058667 + 33448861 35058562
35058668 35058730 + 35058564 35058626
35058731 35058806 + 35058628 35058703
35058807 46405641 + 35058705 46405539
49405642 52172309 + 50109808 52876475
52172310 52176959 + 52876477 52881126
52176960 52186044 + 52881128 52890212
52186045 52193417 + 52890214 52897586
52193418 53935062 + 52897588 54639232
53935063 53983634 + 54639234 54687805
53983635 55323449 + 54687807 56027621
55323450 58460846 + 56027623 59165019
58460847 59173952 + 59165021 59878126
59173954 65108840 + 59878127 65813013
65108842 67703566 + 65813014 68407738
67703567 72743299 + 68407740 73447472
72743300 77037172 + 73447475 77741347
77037173 77745854 + 77741349 78450030
77745855 79473061 + 78450032 80177238
79473062 79487117 + 80177240 80191295
79487118 79494590 + 80191297 80198769
79494591 79497120 + 80198771 80201300
79497121 83382011 + 80201302 84086192
83382012 85699635 + 84086194 86403817
85699636 87807339 + 86403819 88511522
87807341 87973866 + 88511523 88678048
87973867 91636128 + 88678050 92340311
91686129 92344721 + 92350422 93009014
92344722 93244944 + 93009016 93909238
93244945 94273546 + 93909240 94937841
94273547 96122777 + 94937843 96787073
96122778 96211416 + 96787075 96875713
96211418 102511124 + 96875714 103175420
102511125 102512571 + 103175423 103176869
102512572 110085380 + 103176871 110749679
110085381 110146714 + 110749681 110811014
110146715 110371576 + 110811016 111035877
110371577 110436138 + 111035879 111100440
110436140 110450094 + 111100441 111114395
110450095 110906711 + 111114397 111571013
110906712 115769307 + 111571015 116433610
115769308 116803706 + 116433612 117468010
116803707 122475889 + 117468012 123140194
122475890 123334885 + 123140196 123999191
123334886 125615191 + 123999193 126279498
125615192 127693561 + 126279500 128357869
127693563 131695802 + 128357870 132360109
131695803 131719998 + 132360111 132384306
131720001 132833434 + 132384309 133497742
132833435 133860237 + 133497744 134524546
133860238 134977042 + 134524548 135641352
134977043 135513085 + 135641354 136177396
135513086 135751942 + 136177398 136416254
135751944 138787073 + 136416255 139451384
138837074 140456180 + 139457489 141076595
140456181 140458700 + 141076603 141079122
140458701 140462290 + 141079125 141082714
140462296 140462769 + 141082715 141083188
140462772 140469170 + 141083189 141089587
140469172 140473931 + 141089588 141094347
140473933 140474192 + 141094348 141094607
140474193 140487549 + 141094609 141107965
140487550 140520168 + 141107968 141140586
140520169 140561213 + 141140588 141181632
140561214 140565985 + 141181639 141186410
140565986 140568035 + 141186412 141188461
140568036 140583810 + 141188463 141204237
140583811 140617245 + 141204239 141237673
140617246 140647927 + 141237678 141268359
140647929 140654615 + 141268360 141275046
140654616 140654634 + 141275048 141275066
140654636 140654800 + 141275067 141275231
140654801 140681669 + 141275236 141302104
140681672 141187736 + 141302105 141808169
141187737 141190468 + 141808171 141810902
141190469 143534639 + 141810904 144155074
143534640 143551765 + 144155076 144172201
143551766 149869591 + 144172203 150490028
149869592 150394624 + 150490030 151015062
150394625 151977917 + 151015064 152598356
151977918 155138727 + 152598358 155759167
155188728 156079065 + 155761718 156652055
156079067 156644777 + 156652056 157217766
156644778 156712735 + 157217768 157285725
156712736 156721866 + 157285727 157294857
156721867 159007989 + 157294859 159580981
159007990 160795203 + 159580983 161368196
160795204 164836571 + 161368198 165409565
164836572 168577048 + 165409567 169150043
168577049 171960845 + 169150045 172533841
171960846 175811102 + 172533843 176384099
175811103 179224569 + 176384102 179797568
179224570 180682609 + 179797570 181255609
180682611 180905260 + 181255610 181478259
