10001 44821 + 10001 44821
94822 181384 + 228155 314717
231385 997557 + 320650 1086822
1060732 1062084 + 1086823 1088175
1138329 1214234 + 1088176 1164081
1264235 1264319 + 1196120 1196204
1264320 1265207 + 1196206 1197093
1265211 1266332 + 1197094 1198215
1266549 1266624 + 1198424 1198499
1266674 1266728 + 1198369 1198423
1266825 1266912 + 1198216 1198303
1267129 1267193 + 1198304 1198368
1267357 1267598 + 1198500 1198741
1267605 1268791 + 1198742 1199928
1268801 1268804 + 1199929 1199932
1268812 1268956 + 1199933 1200077
1268959 1268995 + 1200078 1200114
1268998 1269217 + 1200115 1200334
1269218 1269289 + 1200337 1200408
1269291 1269317 + 1200409 1200435
1269320 1269477 + 1200436 1200593
1269480 1269541 + 1200594 1200655
1269542 1269559 + 1200670 1200687
1269560 1269569 + 1200692 1200701
1269570 1269578 + 1200733 1200741
1269579 1269674 + 1200751 1200846
1269675 1270128 + 1200849 1201302
1270139 1270193 + 1201303 1201357
1270198 1270324 + 1201358 1201484
1270325 1270365 + 1201489 1201529
1270400 1270527 + 1201530 1201657
1270532 1270677 + 1201658 1201803
1270678 1271517 + 1201808 1202647
1271518 1271987 + 1202649 1203118
1271988 1272963 + 1203122 1204097
1272975 1273058 + 1204098 1204181
1273075 2018238 + 1204182 1949345
2068239 2069287 + 2200265 2201313
2069290 2069955 + 2201314 2201979
2069988 2070031 + 2201980 2202023
2070032 2070590 + 2202032 2202590
2070593 2071048 + 2202591 2203046
2071052 2073093 + 2203047 2205088
2073094 2073826 + 2205090 2205822
2073830 2074617 + 2205823 2206610
2074619 2074631 + 2206611 2206623
2074632 2074641 + 2206626 2206635
2074642 2074646 + 2206639 2206643
2074649 2074652 + 2206644 2206647
2074655 2074658 + 2206648 2206651
2074661 2074664 + 2206652 2206655
2074667 2074670 + 2206656 2206659
2074673 2074676 + 2206660 2206663
2074679 2074682 + 2206664 2206667
2074685 2074698 + 2206668 2206681
2074699 2075266 + 2206686 2207253
2075267 2075323 + 2207256 2207312
2075336 2075596 + 2207313 2207573
2075598 2076229 + 2207574 2208205
2076231 2076581 + 2208206 2208556
2076582 2077193 + 2208558 2209169
2077194 2077245 + 2209172 2209223
2077246 2077253 + 2209225 2209232
2077254 2077392 + 2209234 2209372
2077393 2078029 + 2209374 2210010
2078031 2078891 + 2210011 2210871
2078894 2079281 + 2210872 2211259
2079294 2079325 + 2211260 2211291
2079334 2080049 + 2211292 2212007
2080050 8914955 + 2212009 9046914
8964956 10104553 + 9127347 10266944
13104554 13143954 + 10594040 10633440
13193955 13748578 + 11038279 11592902
13798579 14334341 + 11677873 12213635
14334342 14367257 + 12213637 12246552
14367258 14399100 + 12246554 12278396
14399101 14406362 + 12278398 12285659
14406363 14409003 + 12285661 12288301
14409005 14418140 + 12288302 12297437
14418163 14429405 + 12297438 12308680
14429408 14466993 + 12308681 12346266
14466998 14491215 + 12346267 12370484
14491216 14491263 + 12379401 12379448
14491264 14491295 + 12379453 12379484
14491296 14491299 + 12379487 12379490
14491300 14491303 + 12379504 12379507
14491309 14491314 + 12379508 12379513
14491315 14491315 + 12379518 12379518
14491322 14496333 + 12379519 12384530
14496334 14515361 + 12384539 12403566
14515366 14562362 + 12403567 12450563
14562364 14600853 + 12450564 12489053
14600854 14610919 + 12489056 12499121
14610920 14612506 + 12499126 12500712
14612515 14624300 + 12500713 12512498
14624301 14625257 + 12512501 12513457
14625258 14625411 + 12513526 12513679
14625440 14625452 + 12513680 12513692
14625481 14625485 + 12513693 12513697
14625519 14625528 + 12513698 12513707
14625535 14625548 + 12513708 12513721
14625559 14625574 + 12513722 12513737
14625593 14625612 + 12513738 12513757
14625614 14625625 + 12513758 12513769
14625637 14625642 + 12513770 12513775
14625643 14625647 + 12513777 12513781
14625648 14625664 + 12513790 12513806
14625669 14625678 + 12513807 12513816
14625688 14625718 + 12513817 12513847
14625719 14625730 + 12513849 12513860
14625731 14625747 + 12513872 12513888
14625748 14625762 + 12513897 12513911
14625763 14625765 + 12513915 12513917
14625774 14625802 + 12513918 12513946
14625803 14625808 + 12513952 12513957
14625809 14625828 + 12513961 12513980
14625840 14625844 + 12513981 12513985
14625855 14625862 + 12513986 12513993
14625874 14625884 + 12513994 12514004
14625885 14625898 + 12514010 12514023
14625905 14625914 + 12514024 12514033
14625915 14625921 + 12514039 12514045
14625940 14625946 + 12514046 12514052
14625952 14625964 + 12514053 12514065
14625965 14625967 + 12514068 12514070
14625979 14625993 + 12514071 12514085
14626005 14626018 + 12514086 12514099
14626019 14626029 + 12514102 12514112
14626030 14626034 + 12514118 12514122
14626039 14626077 + 12514123 12514161
14626094 14629583 + 12514162 12517651
14629584 14645424 + 12517653 12533493
14645430 14646837 + 12533494 12534901
14646838 14664254 + 12534903 12552319
14664255 14667693 + 12552321 12555759
14667695 14667840 + 12555760 12555905
14667841 14709282 + 12555907 12597348
14709283 14716431 + 12597350 12604498
14716432 14743425 + 12604500 12631493
14743426 14778459 + 12631495 12666528
14778460 14787854 + 12666530 12675924
14787855 14819062 + 12675926 12707133
14819067 14842427 + 12707134 12730494
14842429 14866162 + 12730495 12754228
14866163 14881731 + 12754233 12769801
14881734 14882304 + 12769802 12770372
14882307 14898450 + 12770373 12786516
14898451 14919314 + 12786518 12807381
14919317 14937874 + 12807382 12825939
14937875 14938648 + 12825950 12826723
14938650 14954417 + 12826724 12842491
14954418 14977723 + 12842493 12865798
14977724 14981887 + 12865800 12869963
14981896 14986753 + 12869964 12874821
14986756 14989245 + 12874822 12877311
14989246 15011346 + 12877331 12899431
15011347 15015271 + 12899435 12903359
15015272 15022824 + 12903361 12910913
15022826 15037754 + 12910914 12925842
15037755 15047299 + 12925845 12935389
15047300 15055137 + 12935391 12943228
15055138 15066205 + 12943230 12954297
15066207 15072595 + 12954298 12960686
15072597 15088608 + 12960687 12976698
15088610 15092756 + 12976699 12980845
15092758 15106783 + 12980846 12994871
15106785 15157860 + 12994872 13045947
15157862 15255769 + 13045948 13143855
15255772 15263356 + 13143856 13151440
15263357 15264729 + 13151447 13152819
15264731 15278816 + 13152820 13166905
15278817 15305843 + 13166916 13193942
15305844 15308826 + 13193946 13196928
15308827 15309739 + 13196931 13197843
15309740 15315461 + 13197845 13203566
15315462 15320664 + 13203568 13208770
15320665 15340383 + 13208783 13228501
15340384 15358761 + 13228503 13246880
15358762 20143879 + 13246882 18031999
20193886 23901428 + 18032000 21739542
23951429 28819361 + 21805282 26673214
58819362 58917656 - 56771509 56673215
58967657 59052824 + 56821510 56906677
59052826 59131405 + 56906678 56985257
59131407 59194902 + 56985258 57048753
59194904 59198061 + 57048754 57051911
59198062 59228443 + 57051913 57082294
59228445 59282591 + 57082295 57136441
59282593 59363566 + 57136442 57217415
